0	0
0.05	0.0031
0.1	0.0062
0.15	0.0091
0.2	0.0111
0.25	0.0129
0.3	0.0129
0.35	0.0129
0.4	0.0129
0.45	0.0129
0.5	0.016
0.55	0.0191
0.6	0.0224
0.65	0.0265
0.7	0.031
0.75	0.0372
0.8	0.0434
0.85	0.0507
0.9	0.06
0.95	0.0638
1	0.0675
1.05	0.0712
1.1	0.075
1.15	0.0787
1.2	0.0824
1.25	0.0868
1.3	0.1023
1.35	0.1185
1.4	0.135
1.45	0.154
1.5	0.1747
1.55	0.2007
1.6	0.2313
1.65	0.2592
1.7	0.336
1.75	0.393
1.8	0.515
1.85	0.6613
1.9	0.8363
1.95	1.0154
2	1.1486
2.05	1.3486
2.1	1.5089
2.15	1.6235
2.2	1.6512
2.25	1.4154
2.3	1.3252
2.35	0.9968
2.4	0.8326
2.45	0.7242
2.5	0.6476
2.55	0.6011
2.6	0.5272
2.65	0.5069
2.7	0.5069
2.75	0.5069
2.8	0.5211
2.85	0.5486
2.9	0.575
2.95	0.5998
3	0.6284
3.05	0.6625
3.1	0.6966
3.15	0.8206
3.2	0.8792
3.25	0.9547
3.3	1.0585
3.35	1.1699
3.4	1.2459
3.45	1.3984
3.5	1.578
3.55	1.6431
3.6	1.8089
3.65	1.9131
3.7	2.0152
3.75	2.0624
3.8	2.0655
3.85	2.0367
3.9	1.899
3.95	1.6761
4	1.4974
4.05	1.1474
4.1	1.0036
4.15	0.8338
4.2	0.6558
4.25	0.6217
4.3	0.5712
4.35	0.5339
4.4	0.5154
4.45	0.5108
4.5	0.5061
4.55	0.505
4.6	0.5154
4.65	0.5267
4.7	0.5432
4.75	0.5599
4.8	0.5785
4.85	0.5971
4.9	0.625
4.95	0.6701
5	0.7116
5.05	0.7525
5.1	0.7938
5.15	0.8646
5.2	0.9129
5.25	0.9439
5.3	0.992
5.35	1.0431
5.4	1.0834
5.45	1.119
5.5	1.1541
5.55	1.204
5.6	1.2497
5.65	1.2856
5.7	1.3042
5.75	1.3207
5.8	1.3286
5.85	1.3182
5.9	1.3021
5.95	1.2714
6	1.2423
6.05	1.1989
6.1	1.1693
6.15	1.1158
6.2	1.0829
6.25	1.0492
6.3	1.0045
6.35	0.9869
6.4	0.9826
6.45	0.9888
6.5	0.995
6.55	1.0003
6.6	1.0052
6.65	1.0102
6.7	1.0172
6.75	1.0296
6.8	1.0408
6.85	1.047
6.9	1.0532
6.95	1.0513
7	1.0378
7.05	1.0061
7.1	0.9844
7.15	0.9417
7.2	0.8947
7.25	0.8671
7.3	0.833
7.35	0.7937
7.4	0.7854
7.45	0.7778
7.5	0.7855
7.55	0.7933
7.6	0.8023
7.65	0.8147
7.7	0.8271
7.75	0.8436
7.8	0.8643
7.85	0.8905
7.9	0.9241
7.95	0.9427
8	0.9613
8.05	0.9791
8.1	0.9946
8.15	1.0101
8.2	1.0261
8.25	1.0427
8.3	1.0618
8.35	1.0845
8.4	1.1038
8.45	1.1162
8.5	1.1286
8.55	1.141
8.6	1.1534
8.65	1.1777
8.7	1.197
8.75	1.2115
8.8	1.2156
8.85	1.2156
8.9	1.2058
8.95	1.1911
9	1.1787
9.05	1.161
9.1	1.1424
9.15	1.114
9.2	1.0863
9.25	1.0636
9.3	1.0382
9.35	1.0072
9.4	0.9633
9.45	0.9323
9.5	0.9215
9.55	0.914
9.6	0.9066
9.65	0.899
9.7	0.8913
9.75	0.8835
9.8	0.879
9.85	0.8766
9.9	0.8741
9.95	0.8728
10	0.878
10.05	0.8831
10.1	0.8883
10.15	0.8935
10.2	0.8986
10.25	0.9038
10.3	0.909
10.35	0.9141
10.4	0.9219
10.45	0.9302
10.5	0.9384
10.55	0.9467
10.6	0.9642
10.65	0.9868
10.7	1.0116
10.75	1.0185
10.8	1.0236
10.85	1.0288
10.9	1.034
10.95	1.0493
11	1.0679
11.05	1.0809
11.1	1.0912
11.15	1.1015
11.2	1.1119
11.25	1.1176
11.3	1.1192
11.35	1.1207
11.4	1.1165
11.45	1.1103
11.5	1.1041
11.55	1.0967
11.6	1.0892
11.65	1.0818
11.7	1.0737
11.75	1.0651
11.8	1.0564
11.85	1.0476
11.9	1.0377
11.95	1.0278
12	1.0179
12.05	1.008
12.1	0.998
12.15	0.9881
12.2	0.9783
12.25	0.9695
12.3	0.9606
12.35	0.9517
12.4	0.9429
12.45	0.9348
12.5	0.9286
12.55	0.9223
12.6	0.9161
12.65	0.9099
12.7	0.9038
12.75	0.8979
12.8	0.9029
12.85	0.9079
12.9	0.9128
12.95	0.922
13	0.9344
13.05	0.9444
13.1	0.9518
13.15	0.9593
13.2	0.9668
13.25	0.978
13.3	0.9891
13.35	1.0003
13.4	1.0081
13.45	1.0135
13.5	1.0188
13.55	1.0241
13.6	1.0294
13.65	1.0398
13.7	1.0522
13.75	1.0599
13.8	1.0648
13.85	1.0698
13.9	1.0739
13.95	1.0739
14	1.0739
14.05	1.0739
14.1	1.0739
14.15	1.0731
14.2	1.0706
14.25	1.0681
14.3	1.0656
14.35	1.0587
14.4	1.0509
14.45	1.0431
14.5	1.0348
14.55	1.0266
14.6	1.0183
14.65	1.01
14.7	1.0037
14.75	0.9975
14.8	0.9913
14.85	0.9851
14.9	0.9782
14.95	0.9627
15	0.9536
15.05	0.9474
15.1	0.9412
15.15	0.935
15.2	0.9321
15.25	0.9321
15.3	0.9321
15.35	0.9321
15.4	0.9338
15.45	0.9382
15.5	0.9427
15.55	0.9471
15.6	0.9515
15.65	0.9558
15.7	0.9599
15.75	0.9641
15.8	0.9682
15.85	0.9731
15.9	0.9793
15.95	0.9855
16	0.9917
16.05	0.9988
16.1	1.0061
16.15	1.0133
16.2	1.0205
16.25	1.0282
16.3	1.0359
16.35	1.0437
16.4	1.0468
16.45	1.0499
16.5	1.053
16.55	1.0561
16.6	1.0567
16.65	1.0567
16.7	1.0567
16.75	1.0567
16.8	1.0546
16.85	1.0515
16.9	1.0484
16.95	1.0453
17	1.0407
17.05	1.0345
17.1	1.0283
17.15	1.0236
17.2	1.0195
17.25	1.0153
17.3	1.0112
17.35	1.0066
17.4	1.0016
17.45	0.9967
17.5	0.9919
17.55	0.9883
17.6	0.9848
17.65	0.9812
17.7	0.9777
17.75	0.9741
17.8	0.9704
17.85	0.9667
17.9	0.9629
17.95	0.9622
18	0.9622
18.05	0.9622
18.1	0.963
18.15	0.9655
18.2	0.968
18.25	0.9705
18.3	0.973
18.35	0.9754
18.4	0.9779
18.45	0.9806
18.5	0.9837
18.55	0.9868
18.6	0.9899
18.65	0.9934
18.7	0.9978
18.75	1.0022
18.8	1.0067
18.85	1.0111
18.9	1.0154
18.95	1.0195
19	1.0237
19.05	1.0278
19.1	1.0317
19.15	1.0348
19.2	1.0379
19.25	1.041
19.3	1.0437
19.35	1.0425
19.4	1.0412
19.45	1.04
19.5	1.038
19.55	1.0355
19.6	1.033
19.65	1.0303
19.7	1.0261
19.75	1.0221
19.8	1.0197
19.85	1.0172
19.9	1.0147
19.95	1.0109
20	1.0062
20.05	1.0016
20.1	0.9982
20.15	0.9951
20.2	0.992
20.25	0.9889
20.3	0.9865
20.35	0.9845
20.4	0.9824
20.45	0.9803
20.5	0.9788
20.55	0.9778
20.6	0.9768
20.65	0.9757
20.7	0.9751
20.75	0.9751
20.8	0.9751
20.85	0.9751
20.9	0.9751
20.95	0.976
21	0.9778
21.05	0.9796
21.1	0.9813
21.15	0.9831
21.2	0.9858
21.25	0.9889
21.3	0.992
21.35	0.9951
21.4	0.9976
21.45	0.9997
21.5	1.0018
21.55	1.0038
21.6	1.0059
21.65	1.008
21.7	1.01
21.75	1.0121
21.8	1.0142
21.85	1.0162
21.9	1.0183
21.95	1.0204
22	1.0224
22.05	1.0231
22.1	1.0239
22.15	1.0247
22.2	1.0255
22.25	1.0262
22.3	1.0261
22.35	1.0251
22.4	1.024
22.45	1.023
22.5	1.0213
22.55	1.0182
22.6	1.0151
22.65	1.012
22.7	1.0087
22.75	1.005
22.8	1.0013
22.85	0.9976
22.9	0.9966
22.95	0.9966
23	0.9966
23.05	0.9966
23.1	0.9961
23.15	0.9952
23.2	0.9943
23.25	0.9934
23.3	0.9925
23.35	0.9917
23.4	0.9909
23.45	0.9902
23.5	0.9894
23.55	0.9886
23.6	0.9882
23.65	0.9892
23.7	0.9902
23.75	0.9913
23.8	0.9923
23.85	0.9931
23.9	0.9938
23.95	0.9946
24	0.9954
24.05	0.9962
24.1	0.9988
24.15	1.0034
24.2	1.0081
24.25	1.0111
24.3	1.0134
24.35	1.0157
24.4	1.0181
24.45	1.0204
24.5	1.0223
24.55	1.0223
24.6	1.0223
24.65	1.0223
24.7	1.0223
24.75	1.0223
24.8	1.02
24.85	1.0163
24.9	1.0126
24.95	1.0091
25	1.0071
25.05	1.005
25.1	1.0029
25.15	1.0009
25.2	1
25.25	0.9991
25.3	0.9982
25.35	0.9973
25.4	0.9967
25.45	0.9976
25.5	0.9985
25.55	0.9994
25.6	1.0002
25.65	1.0002
25.7	0.9982
25.75	0.9961
25.8	0.994
25.85	0.9921
25.9	0.9909
25.95	0.9896
26	0.9884
26.05	0.9871
26.1	0.9859
26.15	0.9847
26.2	0.9839
26.25	0.9849
26.3	0.986
26.35	0.987
26.4	0.988
26.45	0.9893
26.5	0.9905
26.55	0.9918
26.6	0.993
26.65	0.9942
26.7	0.9955
26.75	0.9972
26.8	1.0022
26.85	1.0071
26.9	1.0121
26.95	1.0143
27	1.0152
27.05	1.0161
27.1	1.017
27.15	1.0179
27.2	1.0166
27.25	1.0148
27.3	1.0131
27.35	1.0113
27.4	1.0095
27.45	1.0094
27.5	1.0094
27.55	1.0094
27.6	1.0094
27.65	1.0084
27.7	1.0072
27.75	1.006
27.8	1.0047
27.85	1.0035
27.9	1.0022
27.95	1.001
28	1
28.05	0.9989
28.1	0.9979
28.15	0.9969
28.2	0.9957
28.25	0.9944
28.3	0.9932
28.35	0.9923
28.4	0.9923
28.45	0.9923
28.5	0.9923
28.55	0.9923
28.6	0.9926
28.65	0.9934
28.7	0.9941
28.75	0.9949
28.8	0.9957
28.85	0.9965
28.9	0.9983
28.95	1.0004
29	1.0025
29.05	1.0045
29.1	1.0043
29.15	1.003
29.2	1.0018
29.25	1.0009
29.3	1.0009
29.35	1.0009
29.4	1.0009
29.45	1.0009
29.5	1.0009
29.55	1.0009
29.6	1.0009
29.65	1.0009
29.7	1.0009
29.75	1.0009
29.8	1.0009
29.85	1.0009
29.9	1.0006
29.95	1.0003
30	1
30.05	1
30.1	1
30.15	1
30.2	1
30.25	1
30.3	1
30.35	1
30.4	1
30.45	1
30.5	1
30.55	1
30.6	1
30.65	1
30.7	1
30.75	1
30.8	1
30.85	1
30.9	1
30.95	1
31	1
31.05	1
31.1	1
31.15	1
31.2	1
31.25	1
31.3	1
31.35	1
31.4	1
31.45	1
31.5	1
31.55	1
31.6	1
31.65	1
31.7	1
31.75	1
31.8	1
31.85	1
31.9	1
31.95	1
32	1
